P6 400 400 255
212
Qua
0 0 
399 399
0 399
399 0
82 45 128
Cir
199 199 242
150 129 177
Cir
200 200 242
150 129 177
Cir
199 199 232
199 188 214
Cir
200 200 232
199 188 214
Cir
199 199 222
255 255 255
Cir
200 200 222
255 255 255
Cir
212 353 12
199 126 104
Cir
129 374 8
138 124 121
Cir
89 380 8
162 175 126
Qua
120 266
72 263
66 205
111 199
108 38 74
Cir
136 312 8
122 92 106
Cir
181 225 40
221 211 192
Cir
160 156 10
135 79 99
Qua
255 115
189 173
210 265
259 269
215 189 145
Qua
116 237
184 243
170 289
125 296
210 135 101
Qua
76 275
130 266
68 245
117 286
139 47 61
Qua
104 307
141 307
105 286
137 260
95 23 60
Qua
264 197
248 213
243 257
262 223
226 207 148
Qua
232 278
215 262
243 256
246 231
213 189 149
Tri
263 221
232 277
267 281
210 145 113
Tri
266 306
266 258
283 288
150 88 96
Tri
297 271
283 288
267 260
80 42 88
Qua
267 281
267 305
238 303
251 279
202 137 110
Qua
252 279
231 275
173 352
200 372
206 125 100
Tri
233 333
239 301
206 362
199 126 104
Qua
262 325
233 332
238 303
268 305
190 119 103
Tri
296 274
269 299
262 326
140 75 83
Qua
145 270
134 272
133 260
130 260
205 134 118
Qua
139 280
164 279
146 270
135 272
191 154 120
Qua
228 273
216 262
180 281
182 300
212 173 144
Qua
231 277
226 273
196 322
182 300
219 200 165
Qua
221 369
198 372
232 332
264 324
150 88 96
Qua
183 300
159 305
162 280
180 281
204 160 121
Qua
146 307
160 305
163 279
139 280
207 152 129
Qua
134 294
139 280
147 308
133 314
94 53 77
Qua
152 316
148 307
133 315
139 338
122 92 106
Qua
167 337
148 357
138 339
152 315
162 99 96
Qua
177 351
154 372
147 357
166 337
187 118 106
Qua
197 322
175 351
146 306
184 300
211 160 132
Qua
175 404
201 372
175 353
154 371
202 129 111
Qua
99 102
97 121
127 97
110 86
200 138 108
Tri
148 91
125 96
155 101
196 135 101
Qua
128 96
109 111
165 108
156 101
202 138 106
Qua
97 119
94 160
116 138
111 110
197 140 120
Qua
160 160
116 138
110 110
165 106
205 135 108
Tri
194 119
164 106
162 139
199 112 87
Qua
194 119
161 139
160 154
224 131
194 101 77
Tri
94 160
117 138
159 154
199 115 90
Qua
128 157
94 160
99 171
113 171
184 91 89
Qua
106 178
101 175
101 171
114 171
190 107 97
Qua
144 202
103 178
126 160
153 168
201 144 117
Tri
156 154
129 157
153 165
135 79 99
Tri
113 171
129 164
129 156
135 79 99
Qua
153 164
152 168
129 164
129 157
100 52 100
Tri
143 200
97 198
99 174
195 146 130
Qua
143 200
97 198
110 234
140 232
209 154 118
Qua
143 199
161 209
160 223
139 233
208 170 139
Qua
161 209
172 206
178 217
160 224
215 195 148
Qua
211 208
178 218
172 205
192 190
215 205 165
Tri
194 192
220 205
209 208
182 185 171
Tri
222 205
208 200
211 195
199 169 141
Qua
191 191
180 179
216 171
210 200
211 163 128
Qua
221 204
211 196
216 170
255 156
222 200 162
Tri
260 154
227 166
229 141
184 177 163
Qua
198 150
229 144
227 166
215 170
207 179 152
Qua
216 171
179 179
166 164
197 148
209 173 138
Qua
195 144
167 162
165 153
195 141
135 79 99
Qua
210 149
193 142
223 131
228 144
198 125 110
Qua
166 165
165 162
199 150
194 144
100 52 100
Tri
199 150
192 142
218 147
135 79 99
Qua
171 208
162 210
159 154
191 191
203 171 144
Qua
162 210
144 200
160 155
156 154
184 158 147
Qua
149 228
139 233
139 248
171 249
210 132 102
Qua
169 261
164 250
200 240
204 255
202 144 125
Qua
111 234
140 231
142 248
126 255
209 154 106
Qua
127 256
140 248
180 249
145 271
210 135 101
Qua
166 280
145 270
171 254
178 257
200 139 114
Tri
184 252
169 247
195 240
208 133 111
Qua
204 264
170 270
177 257
192 253
198 149 124
Qua
165 280
169 269
180 268
183 281
203 149 123
Qua
179 268
183 281
205 264
210 269
203 162 134
Qua
224 254
196 248
192 253
209 270
197 159 137
Qua
224 254
188 247
205 231
229 237
203 160 132
Qua
246 231
225 252
229 235
248 215
223 197 152
Qua
211 207
224 205
228 237
205 231
194 155 133
Qua
264 198
228 235
221 204
257 154
215 189 145
Qua
210 210
211 208
177 221
176 218
197 125 115
Qua
177 218
178 221
153 229
148 227
210 103 80
Qua
162 234
157 237
147 228
153 227
165 95 78
Qua
163 234
157 237
171 238
169 248
210 103 80
Qua
196 240
196 229
171 238
169 247
209 120 93
Qua
207 229
196 239
196 228
203 222
197 125 115
Qua
215 208
211 206
201 224
207 230
188 99 77
Qua
226 145
243 129
248 137
214 113
87 38 88
Qua
248 136
232 143
255 154
255 146
155 63 76
Qua
255 153
267 156
279 133
258 112
156 42 42
Tri
232 115
258 111
256 148
173 69 57
Qua
233 116
257 111
242 85
186 55
182 124 102
Qua
169 68
187 55
216 115
242 128
196 105 74
Qua
214 113
216 119
200 109
194 95
127 44 58
Qua
216 118
220 130
187 117
201 109
153 66 69
Qua
206 106
190 117
178 114
194 94
123 40 49
Qua
168 68
141 80
194 94
178 114
169 73 67
Tri
154 102
141 80
177 113
166 82 76
Tri
141 78
124 96
148 92
170 129 111
Qua
110 74
124 96
140 79
89 73
170 129 111
Tri
80 74
106 73
93 46
154 85 82
Qua
106 74
140 79
124 53
93 46
127 85 85
Tri
141 80
170 67
123 53
118 64 86
Qua
142 59
169 68
190 56
156 40
152 49 59
Qua
241 57
244 87
184 54
205 41
213 165 118
Qua
243 85
250 86
244 43
239 40
163 102 93
Qua
242 85
253 109
273 126
251 86
165 75 71
Qua
261 115
281 135
277 105
251 86
197 91 75
Tri
289 114
277 105
280 131
175 72 64
Qua
250 86
243 42
287 90
295 118
181 159 139
Tri
288 113
296 118
288 145
161 84 77
Qua
266 156
273 159
287 147
287 118
117 45 70
Qua
297 138
287 146
295 118
302 129
158 76 85
Tri
255 152
275 159
256 174
94 40 73
Qua
254 184
256 174
298 136
262 201
208 92 70
Qua
289 151
315 180
316 148
301 129
164 62 62
Tri
281 168
290 149
313 177
132 32 57
Qua
283 167
316 177
308 207
281 204
132 32 57
Tri
263 199
281 205
284 161
160 35 41
Qua
266 200
263 200
261 225
280 205
90 20 64
Qua
281 205
297 205
261 223
263 239
147 33 45
Qua
304 204
305 212
315 210
315 181
138 104 111
Qua
304 206
296 206
287 216
304 228
126 54 73
Qua
330 234
305 226
305 212
315 210
173 123 125
Tri
302 225
319 230
282 253
190 73 58
Qua
264 239
284 250
302 226
287 215
152 34 40
Qua
330 234
319 230
285 251
302 257
150 51 62
Qua
285 250
302 257
267 262
287 270
121 32 74
Tri
266 262
263 238
286 250
80 25 66
Qua
239 40
241 57
206 43
228 34
163 115 112
Tri
210 29
205 44
228 34
178 126 125
Qua
184 35
206 42
173 24
210 29
154 107 113
Qua
182 34
162 43
206 42
186 54
195 187 154
Qua
162 43
130 26
173 24
183 35
176 163 148
Qua
132 27
167 24
149 19
118 20
134 113 128
Qua
142 59
119 52
157 40
137 29
102 33 67
Qua
102 48
118 53
138 30
118 20
123 64 96
Qua
88 121
80 113
110 87
92 74
180 114 101
Qua
80 113
69 100
79 74
93 74
185 97 82
Qua
61 114
69 100
97 132
94 158
185 122 105
Tri
96 131
87 122
100 103
182 109 92
Qua
82 169
95 157
57 147
61 114
185 104 91
Qua
100 195
82 169
101 171
94 157
95 45 77
Qua
101 195
98 201
73 187
81 167
194 75 61
Qua
59 175
74 186
81 168
57 147
209 111 78
Tri
101 202
72 204
75 187
129 49 62
Qua
59 175
75 186
74 205
61 213
117 71 95
Tri
59 177
55 192
61 212
135 107 128
Qua
81 250
77 245
100 196
104 214
129 30 58
Qua
96 203
84 203
69 232
77 244
114 39 70
Qua
82 204
73 204
61 213
69 231
116 58 79
Qua
100 259
82 250
104 213
113 234
108 38 74
Qua
101 259
117 267
136 264
113 234
88 29 79
Qua
118 285
96 275
136 263
136 266
170 32 34
Qua
136 264
139 280
104 302
118 303
95 23 60
Qua
118 285
73 265
78 289
104 301
135 35 53
Qua
96 275
117 268
80 250
72 264
139 47 61
Qua
64 247
79 249
72 263
68 230
134 61 77
Qua
212 175
212 172
185 177
184 180
133 95 134
Qua
212 175
212 172
226 164
228 166
133 95 134
Qua
185 177
184 180
172 170
174 168
116 72 117
Qua
229 165
227 165
227 146
229 145
87 38 88
Qua
226 147
230 146
221 134
222 131
87 38 88
Qua
172 170
174 169
163 155
166 153
87 38 88
Qua
163 155
161 152
191 142
190 139
87 38 88
Qua
190 139
222 131
221 135
191 142
87 38 88
Qua
161 153
161 156
154 158
153 155
87 38 88
Qua
118 157
117 155
153 157
154 155
87 38 88
Qua
117 155
118 158
96 164
95 162
87 38 88
Qua
152 157
154 158
148 172
151 172
87 38 88
Qua
151 173
148 173
144 183
146 185
116 72 117
Qua
99 188
101 187
103 195
104 193
116 72 117
Qua
104 192
102 195
130 191
130 194
133 95 134
Qua
131 193
130 191
144 184
146 186
133 95 134
Tri
17 400
66 400
78 353
126 193 128
Qua
366 326
325 299
304 346
326 377
139 165 128
Qua
293 408
282 394
307 348
327 377
144 165 132
Qua
203 401 
173 406
226 367
202 369
167 193 138
Tri
188 423
243 377
223 370
117 94 104
Qua
288 400
215 400
284 394
242 377
141 164 134
Tri
302 400
358 400
327 376
128 205 139
Qua
387 340
357 399
326 376
364 325
130 201 145
Tri
356 400 
443 400
386 339
129 204 143
Tri
123 367
119 374
110 371
166 149 116
Qua
128 374
109 371
88 381
116 394
162 175 126
Qua
110 400
155 400
145 377
127 375
138 124 121
Qua
165 400
153 400
145 378
161 380
163 175 114
Tri
164 400
176 400
161 379
111 61 86
Qua
102 303
119 303
83 314
105 319
115 57 74
Qua
82 313
105 319
51 329
93 349
122 99 111
Qua
71 338
55 349
34 340
52 328
136 112 106
Qua
94 349
71 337
54 349
76 360
128 145 124
Qua
76 359
92 350
70 380
88 382
146 171 140
Qua
82 400
111 400
115 393
87 380
154 172 128
Qua
65 400
83 400
87 381
70 379
140 191 134
Qua
72 358
54 348
17 378
20 398
131 154 133
Tri
11 384
55 348
35 339
134 96 96
Qua
2 408
11 383
17 379
21 398
145 172 126
Qua
294 269
327 296
308 345
260 324
138 200 156
Qua
261 323
309 345
220 369
283 394
133 214 127
Tri
139 332
119 373
162 381
171 202 116
Qua
87 381
123 367
139 333
92 347
141 206 140
Qua
105 317
134 311
140 333
91 348
150 177 130
Tri
140 277
135 311
106 317
139 102 106
